Timestamp: 20241212_174016, Skeleton: [[726.5889892578125, 90.649658203125, 0.9245054125785828], [0.0, 0.0, 0.33452704548835754], [719.0135498046875, 75.04046630859375, 0.9768596291542053], [0.0, 0.0, 0.04215420037508011], [673.3643798828125, 71.355224609375, 0.9657612442970276], [634.0013427734375, 158.72515869140625, 0.5154595971107483], [655.8916625976562, 161.07513427734375, 0.9977946281433105], [0.0, 0.0, 0.05190538614988327], [652.5096435546875, 298.1383056640625, 0.9959108829498291], [0.0, 0.0, 0.0905299261212349], [697.6686401367188, 401.5651550292969, 0.986933708190918], [645.534423828125, 396.4898681640625, 0.9457389712333679], [661.8905029296875, 401.6611328125, 0.9973733425140381], [641.5545654296875, 554.7891845703125, 0.9502384662628174], [669.8883056640625, 566.0969848632812, 0.9975005984306335], [624.8091430664062, 712.2351684570312, 0.9154536128044128], [627.0443115234375, 724.532470703125, 0.9882832765579224]]
Timestamp: 20241212_174029, Skeleton: [[790.8934936523438, 370.8782958984375, 0.9554082751274109], [0.0, 0.0, 0.3667287528514862], [780.343017578125, 355.3907470703125, 0.9803277850151062], [0.0, 0.0, 0.03333147615194321], [736.9127197265625, 359.50872802734375, 0.9780341982841492], [679.8504638671875, 417.9067687988281, 0.9015007019042969], [692.560791015625, 423.825927734375, 0.9957813024520874], [742.5250244140625, 501.7216796875, 0.5579652190208435], [787.887939453125, 532.1363525390625, 0.9937047362327576], [799.5919189453125, 455.236083984375, 0.6515821218490601], [813.8155517578125, 444.1479797363281, 0.9879148006439209], [523.1993408203125, 546.7066040039062, 0.9530515074729919], [520.2064819335938, 554.30029296875, 0.9888673424720764], [710.7117919921875, 564.3704833984375, 0.9626505374908447], [698.611083984375, 583.9825439453125, 0.9933033585548401], [644.0439453125, 708.7687377929688, 0.9193461537361145], [603.1053466796875, 730.88427734375, 0.9693002104759216]]
