Timestamp: 20241220_174330, Skeleton: [[645.7726440429688, 367.6688537597656, 0.9409571886062622], [0.0, 0.0, 0.39238065481185913], [634.60400390625, 361.80023193359375, 0.9494017362594604], [0.0, 0.0, 0.07703593373298645], [599.8357543945312, 373.9419250488281, 0.9472667574882507], [586.4363403320312, 416.3113708496094, 0.9701748490333557], [592.14404296875, 428.5505065917969, 0.9976065158843994], [660.3336181640625, 439.47906494140625, 0.8722352385520935], [692.2420654296875, 463.27508544921875, 0.9972243309020996], [716.935302734375, 422.73846435546875, 0.8901500105857849], [733.8765869140625, 427.53326416015625, 0.9951942563056946], [543.4896240234375, 569.6231689453125, 0.9920791983604431], [536.87158203125, 580.9937744140625, 0.9977254271507263], [672.9691772460938, 555.5737915039062, 0.978821873664856], [655.5526123046875, 583.02978515625, 0.9947478175163269], [607.9963989257812, 683.0425415039062, 0.9178726673126221], [580.1995849609375, 700.5059814453125, 0.963210940361023]]
Timestamp: 20241220_174359, Skeleton: [[633.114990234375, 198.45712280273438, 0.915290355682373], [0.0, 0.0, 0.2596534490585327], [624.12255859375, 187.20513916015625, 0.9402338862419128], [0.0, 0.0, 0.03502524271607399], [583.744384765625, 192.6472625732422, 0.9316720366477966], [602.0589599609375, 262.1407470703125, 0.9073334336280823], [582.5658569335938, 257.21075439453125, 0.9990506768226624], [686.1266479492188, 298.18829345703125, 0.6794599294662476], [693.489501953125, 292.59832763671875, 0.9994397759437561], [730.1015625, 253.54547119140625, 0.754667341709137], [739.7537231445312, 245.86785888671875, 0.9984661340713501], [642.760498046875, 437.3790588378906, 0.9964584708213806], [622.2376098632812, 438.8179016113281, 0.9996770620346069], [661.00927734375, 576.5615234375, 0.9905223250389099], [624.71435546875, 585.267578125, 0.9991194605827332], [637.4113159179688, 708.1556396484375, 0.9499179124832153], [605.5403442382812, 712.010009765625, 0.9895927906036377]]
