Timestamp: 20241213_205108, Skeleton: [[827.2361450195312, 348.7127685546875, 0.6343599557876587], [0.0, 0.0, 0.07872648537158966], [812.6150512695312, 340.96697998046875, 0.7598568797111511], [0.0, 0.0, 0.07045243680477142], [784.4114990234375, 352.44903564453125, 0.9502374529838562], [768.4188842773438, 423.96343994140625, 0.8846271634101868], [784.532958984375, 414.65484619140625, 0.999079704284668], [0.0, 0.0, 0.21771305799484253], [776.4591674804688, 501.06011962890625, 0.9966193437576294], [0.0, 0.0, 0.15781749784946442], [792.6640625, 562.5013427734375, 0.980634331703186], [748.17041015625, 591.1649780273438, 0.9830169081687927], [781.72412109375, 582.54150390625, 0.9986773133277893], [752.1775512695312, 684.2326049804688, 0.9479348063468933], [917.7450561523438, 629.0517578125, 0.9960450530052185], [634.452392578125, 731.0155029296875, 0.8735394477844238], [900.0355834960938, 739.8284301757812, 0.9781225919723511]]
Timestamp: 20241213_205108, Skeleton: [[0.0, 0.0, 0.0043044001795351505], [0.0, 0.0, 0.002238235203549266], [0.0, 0.0, 0.0022595569025725126], [0.0, 0.0, 0.000879650644492358], [0.0, 0.0, 0.0012681264197453856], [0.0, 0.0, 0.0036542308516800404], [0.0, 0.0, 0.0010929227573797107], [0.0, 0.0, 0.061801519244909286], [0.0, 0.0, 0.01981331966817379], [0.0, 0.0, 0.24959349632263184], [0.0, 0.0, 0.12768976390361786], [0.0, 0.0, 0.02454543113708496], [0.0, 0.0, 0.01410129014402628], [0.0, 0.0, 0.034771792590618134], [0.0, 0.0, 0.021048584952950478], [0.0, 0.0, 0.042275428771972656], [0.0, 0.0, 0.028575941920280457]]
Timestamp: 20241213_205120, Skeleton: [[791.9453125, 363.17181396484375, 0.8146561980247498], [0.0, 0.0, 0.18356390297412872], [788.5883178710938, 360.59906005859375, 0.9212821125984192], [0.0, 0.0, 0.06203003227710724], [760.001220703125, 366.2190246582031, 0.9566388130187988], [725.8297119140625, 410.266357421875, 0.8075394630432129], [744.4752197265625, 431.987060546875, 0.9988507032394409], [0.0, 0.0, 0.22919785976409912], [724.746826171875, 504.1793212890625, 0.9977599382400513], [0.0, 0.0, 0.1730046570301056], [750.7670288085938, 562.2422485351562, 0.9869770407676697], [768.258056640625, 579.3230590820312, 0.9870125651359558], [761.249755859375, 607.5520629882812, 0.9991191029548645], [881.926513671875, 611.0643310546875, 0.9667600393295288], [776.908203125, 722.4578857421875, 0.9976578950881958], [857.5050659179688, 734.7716064453125, 0.9517019987106323], [614.5533447265625, 739.4373168945312, 0.99078768491745]]
